0 [1.2000000424450263e-06, 7.000001005508238e-07, 4.999999418942025e-07]
1 [0.03507390000004307, 0.033412600000019665, 0.023570300000073985]
2 [0.06389259999991737, 0.033681500000056985, 0.029730900000004112]
3 [0.04492239999990488, 0.04211499999996704, 0.0449785000000702]
4 [0.06214780000004794, 0.05713599999990038, 0.058194100000037]
5 [0.0691073000000415, 0.07464009999989685, 0.0770786999999018]
6 [0.08878520000007484, 0.08568679999984852, 0.10582250000015847]
7 [0.10895310000000791, 0.10388479999983247, 0.10397790000001805]
8 [0.12083370000004834, 0.12342009999997572, 0.1214833000001363]
9 [0.15014620000010837, 0.17526130000010198, 0.13532179999992877]
10 [0.15979590000006283, 0.19190630000002784, 0.17707729999983712]
11 [0.1912038999998913, 0.16623690000005809, 0.159581899999921]
12 [0.1783252000000175, 0.17060509999987516, 0.18423559999996542]
13 [0.1980522999999721, 0.19320999999990818, 0.1912145999999666]
14 [0.20587300000011055, 0.20733900000004724, 0.2095103999999992]
15 [0.22284650000005968, 0.21770940000010341, 0.2211907999999312]
16 [0.2827416000000085, 0.23374150000017835, 0.2378747000000203]
17 [0.24987420000002203, 0.24748199999999088, 0.25729610000007597]
18 [0.3161608000000342, 0.2643238000000565, 0.3357843999999659]
19 [0.28624200000012934, 0.27842230000010204, 0.2855948999999782]
