1.1000000004202093e-06,5.000000005139782e-07,3.9999999934536845e-07,4.000000011217253e-07,3.9999999934536845e-07
0.037802199999999786,0.02732740000000078,0.020583500000000754,0.018811700000000542,0.014378299999998845
0.06184309999999904,0.03688509999999923,0.03214509999999926,0.02881370000000061,0.029172200000001425
0.04516279999999995,0.04356880000000096,0.044044799999999995,0.04819630000000075,0.04442410000000052
0.05923659999999842,0.05956420000000051,0.0623749999999994,0.0594197999999988,0.06027770000000032
0.08006450000000065,0.1336594999999985,0.07762889999999878,0.07508230000000005,0.07436440000000033
0.12577349999999932,0.09073180000000036,0.0876330000000003,0.10802109999999843,0.1184359999999991
0.14385309999999762,0.10412370000000237,0.1241936999999993,0.1284415999999986,0.10896400000000028
0.15565840000000009,0.1577939999999991,0.1366505999999994,0.11751920000000027,0.1192536000000004
0.17001390000000072,0.13307599999999908,0.13662240000000025,0.1521334000000003,0.13163709999999895
