0 1.2000000424450263e-06
1 0.06885319999992134
2 0.06974029999992126
3 0.10169600000017454
4 0.13134459999992032
5 0.17255410000007032
6 0.19601310000007288
7 0.23048059999973702
8 0.341720400000213
9 0.2958699999999226
10 0.3291589999998905
11 0.4142314999999144
12 0.3974852999999712
13 0.4268648000002031
14 0.5042350999997325
15 0.500678599999901
16 0.5264387000001989
17 0.5590393000002223
18 0.5917857999997977
19 0.6315872000000127
20 0.6639887000001181
21 0.6915920000001279
22 0.7232084000002033
23 0.7540047000002232
24 0.7856292999999823
25 0.8221487999999226
26 0.8902960000000348
27 0.9762089000000742
28 0.916568499999812
29 0.9754133000001275
30 0.9821535000000949
31 1.0477677000003496
32 1.0479761999999937
33 1.0869205999997575
34 1.1404262000000926
35 1.176183200000196
36 1.205956199999946
37 1.230262500000208
38 1.2814072999999553
39 1.3622270999999273
40 1.3674952000001213
41 1.4891305999999531
42 1.3871623
43 1.4532988999999361
44 1.5398851999998442
45 1.6052112000002126
46 1.5871202000002995
47 1.6261945999999625
48 1.8101636999999755
49 1.6460606999999072
50 1.80177330000015
51 1.8241671999999198
52 1.8155813999997008
53 1.7467294000002767
54 1.825278199999957
55 1.8666074999996454
56 1.8362280999999712
57 1.9193500000001222
58 1.952871899999991
59 1.9392334000003757
60 1.9787363000000369
61 2.034550500000023
62 2.043635600000016
63 2.1234427999997934
64 2.108639100000346
65 2.1444235000003573
66 2.2570439999999508
67 2.2801293999996233
68 2.2223932000001696
69 2.3238789000001816
70 2.383938599999965
71 2.632779600000049
72 2.4581732999999986
73 2.4814289999999346
74 2.6231998999996904
75 2.5091394999999466
76 2.672053699999651
77 2.6224475999997594
78 2.693278900000223
79 2.6865600999999515
80 2.8051838999999745
81 2.7375879000001078
82 2.798453100000188
83 2.827965399999812
84 2.832919100000254
85 2.975133999999798
86 2.8971800999997868
87 3.01880089999986
88 3.0754981000000043
89 2.9876460000000407
90 3.2172930000001543
91 3.139619500000208
92 3.2135026999999354
93 3.111093600000004
94 3.119347299999845
95 3.154727300000104
96 3.2023753999997098
97 3.1829265000001215
98 3.336869900000238
99 3.2875865999999405
100 3.534104500000012
101 3.4622348000002603
102 3.449165600000015
103 3.5113369000000603
104 3.422177599999941
105 3.444957499999873
106 3.560972799999945
107 3.5543563999999606
108 3.6293611999999484
109 3.7559612000000016
110 3.7900126999998065
111 3.8611783000001196
112 3.7222412000000986
113 3.8647969000003286
114 3.9295068999999785
115 3.8541323999997985
116 4.428854599999795
117 3.938060899999982
118 4.195284799999172
119 4.342801099999633
120 4.1997439000006125
121 4.2798211999997875
122 4.142103500000303
123 4.129267500000424
124 4.174323299999742
125 4.184721499999796
126 4.283469800000603
127 4.277602199999819
128 4.223470300000372
129 4.34704899999997
130 4.447903799999949
131 4.333966400000463
132 4.365318099999968
133 4.503678299999592
134 4.623091899999963
135 4.511692599999151
136 4.602623700000549
137 4.670985300000211
138 4.896437200000037
139 4.720409599999584
140 4.82744670000011
141 4.693363500000487
142 4.813150300000416
143 4.885064600000078
144 4.921465999999782
145 4.968428099999983
146 4.891859600000316
147 5.024920200000452
148 5.04910369999925
149 5.0917653000005885
150 5.00376099999994
151 5.153972499999327
152 5.194716400000289
153 4.997920499999964
154 5.211213300000054
155 5.357826499999646
156 5.205035900000439
157 5.327582599999914
158 5.308674900000369
159 5.357092600000215
160 5.41997850000007
161 5.534408800000165
162 5.4032680000000255
163 5.659465400000045
164 5.487775600000532
165 5.6281538999992335
166 5.906349400000181
167 5.584564099999625
168 5.7718214999995325
169 5.99955030000001
170 5.753568400000404
171 5.8548267999995005
172 5.7407564999994065
173 5.7012257000005775
174 5.9001193000003695
175 5.984048499999517
176 5.939161799999965
177 5.88870709999992
178 6.099652500000047
179 6.031663499999922
180 6.060867199999848
181 6.102901899999779
182 6.098560800000087
183 6.125268799999503
184 6.148564900000565
185 6.428057900000567
186 6.259304899999734
187 6.11939110000003
188 6.275474299999587
189 6.502923500000179
190 6.505449100000078
191 6.444532900000013
192 6.419816999999966
193 6.596581099999639
194 6.65138509999997
195 6.831156799999917
196 6.525405299999875
197 6.5024930999998105
198 6.661149200000182
199 6.811278500000299
200 6.849927799999932
201 6.726877500000228
202 6.649636399999508
203 6.7817161999992095
204 7.136012099999789
205 6.991400199999589
206 6.947266199999831
207 6.897691000000123
208 7.059642899999744
209 7.112024000000019
210 7.033222000000023
211 6.953464199999871
212 7.135394799999631
213 7.228994800000692
214 7.2343361000002915
215 7.391552799999772
216 7.33535909999955
217 7.324164700000438
218 7.308506399999715
219 7.3990907999996125
220 7.484529500000463
221 7.36166730000059
222 7.4056909000000815
223 7.427667799999654
224 7.723040400000173
225 7.624424300000101
226 7.676907299999584
227 7.75139930000023
228 7.75739220000014
229 7.772226899999623
230 7.898529000000053
231 7.837083499999608
232 7.8618594999998095
233 7.8881015999995725
234 7.824776899999961
235 7.918635399999403
236 8.075584199999867
237 7.966497999999774
238 8.06254170000011
239 8.00907559999996
240 8.152144300000145
241 8.303458800000044
242 8.169009000000187
243 8.120040400000107
244 8.258475699999508
245 8.048585300000013
246 8.366634899999553
247 8.550963499999853
248 8.496239400000377
249 8.407749399999375
250 8.466791099999682
251 8.698816000000079
252 8.268554199999926
253 8.5917915
254 8.638385500000368
255 9.143264300000737
256 9.307371299999431
257 9.134197099999255
258 9.59371370000008
259 9.151298199999474
260 8.83797499999946
261 9.097112599999491
262 9.023932299999615
263 9.084773399999904
264 8.9183907000006
265 9.21805089999998
266 9.046474300000227
267 8.962034899999708
268 9.218071999999665
269 9.053780499999448
270 9.189966799999638
271 9.148722400000224
272 9.268061400000079
273 9.249475999999959
274 9.32725500000015
275 9.609403399999792
276 9.542996400000447
277 9.499056000000564
278 9.471103899999434
279 9.438566499999979
280 9.670058999999128
281 9.609541400000126
282 9.794543599999997
283 9.768449299999702
284 9.958847800000513
285 10.163203000000067
286 9.792749700000059
287 9.77075689999947
288 9.975905299999795
289 10.023055800000293
290 10.200231100000565
291 10.05074650000006
292 10.01782379999986
293 9.85589919999984
294 10.214043500000116
295 10.180981099999372
296 9.961471700000402
297 10.15960720000021
298 10.342198299999836
299 10.02770369999962
300 10.15438819999963
301 10.184802000000673
302 10.202122099999542
303 10.164800000000469
304 10.430448699999943
305 10.428474899999856
306 10.552155899999889
307 10.354434900000342
308 10.562953300000117
309 10.456146499999704
310 10.271249999999782
311 10.64497029999984
312 10.46987210000043
313 10.68524190000062
314 10.714470799999617
315 10.58079270000053
316 10.658395799999198
317 10.852594400000271
318 10.81476449999991
319 10.904644100000041
320 10.664581799999723
321 10.857476300000599
322 10.9213821000003
323 11.35015149999981
324 10.967295299999932
325 10.863002400000369
326 10.941906500000186
327 11.147790400000304
328 11.229908100000102
329 11.003799000000072
330 11.172199499999806
331 11.21686740000041
332 11.580031000000417
333 11.14374399999997
334 11.2132388
335 11.123482900000454
336 11.297953500000403
337 11.460376799999722
338 11.532602600000246
339 11.614835800000037
340 11.514071499999773
341 11.3952778999992
342 11.676483100000041
343 11.819574500000272
344 11.762632199999643
345 11.76177430000007
346 11.723015900000064
347 11.583306399999856
348 11.97803120000026
349 12.039561100000356
350 11.615626800000427
351 11.785861999999725
352 11.974670499999775
353 11.701592299999902
354 11.78064489999997
355 12.10055040000043
356 12.085767999999916
