5.000000555810402e-07,3.000000106112566e-07,2.0000004496978363e-07,1.999999312829459e-07,3.000000106112566e-07
0.016365899999982503,0.017814100000009603,0.01484189999996488,0.016454100000032668,0.014654199999995399
0.03269019999993361,0.027137199999970107,0.027607999999986532,0.031043800000020383,0.03065219999996316
0.044499500000029,0.04460529999994378,0.04548060000001897,0.046222800000009556,0.04365959999995539
0.06100139999989551,0.05862009999998463,0.06217530000003535,0.06590000000005602,0.06299690000003011
0.08133820000000469,0.07340260000000853,0.08345959999996921,0.0925525000000107,0.07811149999997724
0.09077610000008463,0.089339300000006,0.09487890000002608,0.09189630000003035,0.09047910000003867
0.10492550000003575,0.10469240000008995,0.10239500000000135,0.10831169999994472,0.10653579999996055
0.12225469999998495,0.1217021999999588,0.12348930000007385,0.11890540000001693,0.11692270000003191
0.13079510000000028,0.14035419999993337,0.13340809999999692,0.13624210000000403,0.15978000000006887
